      0.44136601     -0.17111019      -61.283555
      0.44298924     -0.17110221      -61.817453
      0.44459202     -0.17107826      -62.342019
      0.44617430     -0.17103835      -62.857071
      0.44773599     -0.17098249      -63.362437
      0.44927705     -0.17091068      -63.857960
      0.45079741     -0.17082293      -64.343490
      0.45229702     -0.17071926      -64.818894
      0.45377581     -0.17059969      -65.284047
      0.45523372     -0.17046423      -65.738840
      0.45667070     -0.17031291      -66.183175
      0.45808669     -0.17014575      -66.616965
      0.45948163     -0.16996277      -67.040139
      0.46085548     -0.16976401      -67.452636
      0.46220817     -0.16954949      -67.854408
      0.46353965     -0.16931925      -68.245422
      0.46484987     -0.16907333      -68.625653
      0.46613878     -0.16881177      -68.995092
      0.46740633     -0.16853460      -69.353739
      0.46865246     -0.16824187      -69.701609
      0.46987713     -0.16793363      -70.038725
      0.47108029     -0.16760992      -70.365123
      0.47226189     -0.16727080      -70.680850
      0.47342188     -0.16691632      -70.985963
      0.47456023     -0.16654654      -71.280528
      0.47567688     -0.16616151      -71.564622
      0.47677179     -0.16576129      -71.838332
      0.47784492     -0.16534596      -72.101752
      0.47889622     -0.16491556      -72.354985
      0.47992565     -0.16447018      -72.598142
      0.48093318     -0.16400988      -72.831342
      0.48191876     -0.16353474      -73.054711
      0.48288235     -0.16304482      -73.268380
      0.48382392     -0.16254021      -73.472488
      0.48474343     -0.16202099      -73.667179
      0.48564084     -0.16148724      -73.852601
      0.48651611     -0.16093904      -74.028910
      0.48736922     -0.16037648      -74.196261
      0.48820013     -0.15979965      -74.354818
      0.48900880     -0.15920864      -74.504746
      0.48979521     -0.15860354      -74.646212
      0.49055932     -0.15798445      -74.779387
      0.49130111     -0.15735146      -74.904444
      0.49202053     -0.15670469      -75.021558
      0.49271757     -0.15604422      -75.130904
      0.49339220     -0.15537016      -75.232659
      0.49404439     -0.15468262      -75.327001
      0.49467412     -0.15398171      -75.414108
      0.49528135     -0.15326754      -75.494158
      0.49586607     -0.15254022      -75.567328
      0.49642826     -0.15179986      -75.633795
      0.49696788     -0.15104659      -75.693737
      0.49748493     -0.15028052      -75.747328
      0.49797937     -0.14950177      -75.794741
      0.49845120     -0.14871047      -75.836151
      0.49890038     -0.14790674      -75.871727
      0.49932691     -0.14709071      -75.901638
      0.49973077     -0.14626250      -75.926052
      0.50011193     -0.14542225      -75.945132
      0.50047039     -0.14457009      -75.959042
      0.50080614     -0.14370616      -75.967940
      0.50111915     -0.14283058      -75.971984
      0.50140942     -0.14194351      -75.971329
      0.50167693     -0.14104507      -75.966126
      0.50192167     -0.14013542      -75.956523
      0.50214364     -0.13921469      -75.942668
      0.50234283     -0.13828303      -75.924701
      0.50251922     -0.13734059      -75.902764
      0.50267281     -0.13638751      -75.876992
      0.50280360     -0.13542395      -75.847520
      0.50291157     -0.13445006      -75.814477
      0.50299673     -0.13346599      -75.777990
      0.50305908     -0.13247190      -75.738184
      0.50309860     -0.13146795      -75.695178
      0.50311530     -0.13045429      -75.649091
      0.50310918     -0.12943108      -75.600037
      0.50308023     -0.12839849      -75.548127
      0.50302846     -0.12735667      -75.493468
      0.50295388     -0.12630580      -75.436167
      0.50285647     -0.12524604      -75.376323
      0.50273626     -0.12417755      -75.314036
      0.50259323     -0.12310051      -75.249402
      0.50242740     -0.12201508      -75.182512
      0.50223878     -0.12092144      -75.113458
      0.50202737     -0.11981975      -75.042324
      0.50179318     -0.11871020      -74.969195
      0.50153622     -0.11759296      -74.894152
      0.50125649     -0.11646821      -74.817273
      0.50095402     -0.11533611      -74.738634
      0.50062881     -0.11419686      -74.658306
      0.50028088     -0.11305062      -74.576361
      0.49991023     -0.11189759      -74.492865
      0.49951689     -0.11073795      -74.407883
      0.49910087     -0.10957186      -74.321478
      0.49866218     -0.10839954      -74.233710
      0.49820084     -0.10722114      -74.144637
      0.49771688     -0.10603687      -74.054313
      0.49721030     -0.10484691      -73.962792
      0.49668114     -0.10365145      -73.870124
      0.49612941     -0.10245067      -73.776358
      0.49555513     -0.10124477      -73.681541
      0.49495832     -0.10003393      -73.585718
      0.49433902    -0.098818350      -73.488929
      0.49369724    -0.097598220      -73.391217
      0.49303300    -0.096373732      -73.292619
      0.49234634    -0.095145079      -73.193173
      0.49163729    -0.093912456      -73.092912
      0.49090586    -0.092676057      -72.991872
      0.49015209    -0.091436076      -72.890081
      0.48937602    -0.090192711      -72.787572
      0.48857766    -0.088946157      -72.684371
      0.48775705    -0.087696612      -72.580505
      0.48691422    -0.086444272      -72.475999
      0.48604922    -0.085189335      -72.370877
      0.48516206    -0.083931999      -72.265161
      0.48425279    -0.082672464      -72.158872
      0.48332144    -0.081410927      -72.052028
      0.48236805    -0.080147589      -71.944648
      0.48139265    -0.078882648      -71.836749
      0.48039529    -0.077616304      -71.728346
      0.47937600    -0.076348758      -71.619453
      0.47833483    -0.075080209      -71.510083
      0.47727181    -0.073810858      -71.400249
      0.47618699    -0.072540905      -71.289961
      0.47508041    -0.071270551      -71.179228
      0.47395212    -0.069999996      -71.068060
      0.47280215    -0.068729441      -70.956465
      0.47163055    -0.067459087      -70.844448
      0.47043738    -0.066189134      -70.732016
      0.46922267    -0.064919783      -70.619174
      0.46798648    -0.063651234      -70.505925
      0.46672885    -0.062383688      -70.392273
      0.46544984    -0.061117344      -70.278220
      0.46414949    -0.059852403      -70.163767
      0.46282785    -0.058589065      -70.048916
      0.46148498    -0.057327528      -69.933666
      0.46012093    -0.056067993      -69.818016
      0.45873576    -0.054810657      -69.701965
      0.45732952    -0.053555720      -69.585511
      0.45590226    -0.052303380      -69.468651
      0.45445404    -0.051053834      -69.351381
      0.45298492    -0.049807281      -69.233697
      0.45149495    -0.048563915      -69.115596
      0.44998420    -0.047323935      -68.997070
      0.44845273    -0.046087536      -68.878115
      0.44690059    -0.044854913      -68.758725
      0.44532784    -0.043626260      -68.638892
      0.44373456    -0.042401772      -68.518610
      0.44212079    -0.041181642      -68.397870
      0.44048661    -0.039966063      -68.276664
      0.43883208    -0.038755227      -68.154983
      0.43715727    -0.037549325      -68.032819
      0.43546223    -0.036348547      -67.910162
      0.43374705    -0.035153083      -67.787002
      0.43201177    -0.033963121      -67.663328
      0.43025649    -0.032778850      -67.539131
      0.42848125    -0.031600457      -67.414399
      0.42668614    -0.030428128      -67.289121
      0.42487123    -0.029262047      -67.163285
      0.42303658    -0.028102400      -67.036879
      0.42118227    -0.026949369      -66.909892
      0.41930837    -0.025803135      -66.782311
      0.41741495    -0.024663881      -66.654123
      0.41550210    -0.023531787      -66.525315
      0.41356988    -0.022407029      -66.395875
      0.41161837    -0.021289788      -66.265789
      0.40964765    -0.020180238      -66.135043
      0.40765780    -0.019078556      -66.003624
      0.40564890    -0.017984914      -65.871518
      0.40362102    -0.016899487      -65.738710
      0.40157424    -0.015822444      -65.605188
      0.39950865    -0.014753957      -65.470936
      0.39742433    -0.013694194      -65.335940
      0.39532136    -0.012643322      -65.200185
      0.39319982    -0.011601507      -65.063658
      0.39105980    -0.010568915      -64.926343
      0.38890137   -0.0095457067      -64.788226
      0.38672464   -0.0085320452      -64.649292
      0.38452967   -0.0075280903      -64.509525
      0.38231656   -0.0065340003      -64.368912
      0.38008540   -0.0055499324      -64.227437
      0.37783628   -0.0045760419      -64.085086
      0.37556927   -0.0036124826      -63.941843
      0.37328448   -0.0026594066      -63.797693
      0.37098199   -0.0017169645      -63.652623
      0.36866189  -0.00078530513      -63.506616
      0.36632428   0.00013542447      -63.359658
      0.36396925    0.0010450789      -63.211735
      0.36159689    0.0019435144      -63.062832
      0.35920729    0.0028305893      -62.912934
      0.35680055    0.0037061633      -62.762026
      0.35437676    0.0045700983      -62.610094
      0.35193602    0.0054222578      -62.457125
      0.34947842    0.0062625073      -62.303103
      0.34700407    0.0070907140      -62.148015
      0.34451306    0.0079067472      -61.991846
      0.34200549    0.0087104781      -61.834584
      0.33948145    0.0095017796      -61.676213
      0.33694105     0.010280527      -61.516721
      0.33438439     0.011046597      -61.356095
      0.33181157     0.011799869      -61.194321
      0.32922269     0.012540223      -61.031385
      0.32661784     0.013267544      -60.867277
      0.32399715     0.013981716      -60.701982
      0.32136070     0.014682626      -60.535489
      0.31870860     0.015370164      -60.367785
      0.31604096     0.016044220      -60.198858
      0.31335789     0.016704690      -60.028697
      0.31065948     0.017351467      -59.857290
      0.30794585     0.017984451      -59.684626
      0.30521709     0.018603541      -59.510694
      0.30247333     0.019208640      -59.335483
      0.29971467     0.019799651      -59.158983
      0.29694121     0.020376483      -58.981184
      0.29415307     0.020939042      -58.802075
      0.29135036     0.021487241      -58.621647
      0.28853318     0.022020994      -58.439890
      0.28570165     0.022540215      -58.256796
      0.28285588     0.023044823      -58.072356
      0.27999599     0.023534738      -57.886560
      0.27712207     0.024009883      -57.699402
      0.27423426     0.024470183      -57.510873
      0.27133266     0.024915564      -57.320965
      0.26841739     0.025345958      -57.129671
      0.26548856     0.025761295      -56.936985
      0.26254629     0.026161511      -56.742899
      0.25959069     0.026546541      -56.547407
      0.25662189     0.026916326      -56.350504
      0.25363999     0.027270806      -56.152183
      0.25064512     0.027609926      -55.952439
      0.24763739     0.027933633      -55.751267
      0.24461693     0.028241874      -55.548663
      0.24158384     0.028534602      -55.344621
      0.23853826     0.028811771      -55.139139
      0.23548030     0.029073335      -54.932211
      0.23241009     0.029319255      -54.723835
      0.22932773     0.029549492      -54.514007
      0.22623337     0.029764008      -54.302725
      0.22312711     0.029962770      -54.089987
      0.22000908     0.030145747      -53.875789
      0.21687940     0.030312910      -53.660131
      0.21373821     0.030464233      -53.443010
      0.21058561     0.030599690      -53.224426
      0.20742174     0.030719263      -53.004377
      0.20424672     0.030822930      -52.782862
      0.20106067     0.030910676      -52.559883
      0.19786373     0.030982487      -52.335437
      0.19465601     0.031038352      -52.109527
      0.19143765     0.031078262      -51.882151
      0.18820877     0.031102210      -51.653312
      0.18496950     0.031110193      -51.423009
      0.18171997     0.031102210      -51.191245
      0.17846030     0.031078261      -50.958021
      0.17519063     0.031038351      -50.723338
      0.17191107     0.030982486      -50.487200
      0.16862178     0.030910675      -50.249607
      0.16532286     0.030822928      -50.010564
      0.16201445     0.030719261      -49.770072
      0.15869669     0.030599689      -49.528134
      0.15536970     0.030464231      -49.284754
      0.15203362     0.030312908      -49.039935
      0.14868858     0.030145745      -48.793681
      0.14533470     0.029962768      -48.545995
      0.14197213     0.029764005      -48.296882
      0.13860099     0.029549489      -48.046345
      0.13522141     0.029319252      -47.794389
      0.13183354     0.029073332      -47.541018
      0.12843750     0.028811767      -47.286237
      0.12503343     0.028534598      -47.030050
      0.12162147     0.028241870      -46.772462
      0.11820174     0.027933628      -46.513478
      0.11477439     0.027609922      -46.253103
      0.11133954     0.027270801      -45.991342
      0.10789734     0.026916321      -45.728201
      0.10444791     0.026546536      -45.463683
      0.10099140     0.026161505      -45.197795
     0.097527947     0.025761290      -44.930542
     0.094057679     0.025345952      -44.661929
     0.090580738     0.024915558      -44.391961
     0.087097260     0.024470176      -44.120644
     0.083607382     0.024009877      -43.847983
     0.080111243     0.023534731      -43.573983
     0.076608980     0.023044816      -43.298650
     0.073100732     0.022540208      -43.021989
     0.069586638     0.022020986      -42.744004
     0.066066835     0.021487234      -42.464702
     0.062541463     0.020939034      -42.184087
     0.059010661     0.020376475      -41.902163
     0.055474569     0.019799643      -41.618937
     0.051933326     0.019208632      -41.334412
     0.048387072     0.018603533      -41.048593
     0.044835947     0.017984443      -40.761484
     0.041280090     0.017351458      -40.473091
     0.037719644     0.016704681      -40.183416
     0.034154747     0.016044211      -39.892465
     0.030585541     0.015370154      -39.600241
     0.027012166     0.014682616      -39.306747
     0.023434765     0.013981706      -39.011987
     0.019853477     0.013267534      -38.715964
     0.016268445     0.012540213      -38.418681
     0.012679809     0.011799858      -38.120141
    0.0090877125     0.011046586      -37.820346
    0.0054922960     0.010280516      -37.519299
    0.0018937018    0.0095017687      -37.217001
   -0.0017079281    0.0087104670      -36.913455
   -0.0053124514    0.0079067360      -36.608661
   -0.0089197258    0.0070907026      -36.302621
    -0.012529609    0.0062624957      -35.995336
    -0.016141958    0.0054222461      -35.686805
    -0.019756631    0.0045700864      -35.377030
    -0.023373485    0.0037061512      -35.066010
    -0.026992377    0.0028305770      -34.753744
    -0.030613165    0.0019435020      -34.440232
    -0.034235704    0.0010450663      -34.125472
    -0.037859853   0.00013541174      -33.809463
    -0.041485468  -0.00078531802      -33.492202
    -0.045112407   -0.0017169776      -33.173688
    -0.048740525   -0.0026594198      -32.853917
    -0.052369680   -0.0036124959      -32.532886
    -0.055999728   -0.0045760554      -32.210592
    -0.059630526   -0.0055499460      -31.887031
    -0.063261931   -0.0065340141      -31.562198
    -0.066893800   -0.0075281042      -31.236087
    -0.070525989   -0.0085320593      -30.908694
    -0.074158354   -0.0095457209      -30.580014
    -0.077790752    -0.010568929      -30.250038
    -0.081423040    -0.011601522      -29.918762
    -0.085055075    -0.012643337      -29.586176
    -0.088686713    -0.013694209      -29.252275
    -0.092317810    -0.014753972      -28.917049
    -0.095948224    -0.015822459      -28.580490
    -0.099577810    -0.016899502      -28.242588
     -0.10320643    -0.017984930      -27.903334
     -0.10683393    -0.019078571      -27.562717
     -0.11046018    -0.020180254      -27.220727
     -0.11408502    -0.021289803      -26.877353
     -0.11770833    -0.022407045      -26.532582
     -0.12132994    -0.023531802      -26.186401
     -0.12494973    -0.024663897      -25.838800
     -0.12856755    -0.025803151      -25.489762
     -0.13218325    -0.026949385      -25.139275
     -0.13579669    -0.028102416      -24.787325
     -0.13940774    -0.029262064      -24.433895
     -0.14301624    -0.030428144      -24.078970
     -0.14662205    -0.031600474      -23.722534
     -0.15022504    -0.032778867      -23.364571
     -0.15382506    -0.033963138      -23.005061
     -0.15742197    -0.035153099      -22.643988
     -0.16101562    -0.036348563      -22.281334
     -0.16460588    -0.037549341      -21.917077
     -0.16819260    -0.038755244      -21.551200
     -0.17177564    -0.039966080      -21.183682
     -0.17535486    -0.041181659      -20.814501
     -0.17893011    -0.042401789      -20.443637
     -0.18250127    -0.043626277      -20.071066
     -0.18606818    -0.044854930      -19.696767
     -0.18963071    -0.046087553      -19.320716
     -0.19318871    -0.047323953      -18.942890
     -0.19674204    -0.048563933      -18.563263
     -0.20029057    -0.049807298      -18.181810
     -0.20383416    -0.051053852      -17.798507
     -0.20737265    -0.052303397      -17.413326
     -0.21090592    -0.053555738      -17.026242
     -0.21443383    -0.054810675      -16.637226
     -0.21795623    -0.056068010      -16.246250
     -0.22147299    -0.057327546      -15.853286
     -0.22498396    -0.058589082      -15.458306
     -0.22848901    -0.059852421      -15.061278
     -0.23198801    -0.061117362      -14.662173
     -0.23548080    -0.062383705      -14.260960
     -0.23896727    -0.063651252      -13.857608
     -0.24244725    -0.064919801      -13.452085
     -0.24592063    -0.066189152      -13.044357
     -0.24938726    -0.067459105      -12.634393
     -0.25284701    -0.068729459      -12.222159
     -0.25629973    -0.070000014      -11.807621
     -0.25974530    -0.071270568      -11.390744
     -0.26318357    -0.072540922      -10.971493
     -0.26661441    -0.073810875      -10.549834
     -0.27003769    -0.075080226      -10.125729
     -0.27345327    -0.076348775      -9.6991426
     -0.27686102    -0.077616322      -9.2700382
     -0.28026079    -0.078882665      -8.8383785
     -0.28365246    -0.080147606      -8.4041257
     -0.28703590    -0.081410945      -7.9672421
     -0.29041096    -0.082672481      -7.5276893
     -0.29377753    -0.083932017      -7.0854287
     -0.29713545    -0.085189352      -6.6404213
     -0.30048460    -0.086444289      -6.1926279
     -0.30382485    -0.087696629      -5.7420091
     -0.30715607    -0.088946175      -5.2885252
     -0.31047813    -0.090192729      -4.8321363
     -0.31379088    -0.091436094      -4.3728024
     -0.31709421    -0.092676074      -3.9104833
     -0.32038799    -0.093912473      -3.4451387
     -0.32367207    -0.095145096      -2.9767285
     -0.32694634    -0.096373749      -2.5052121
     -0.33021066    -0.097598237      -2.0305495
     -0.33346491    -0.098818367      -1.5527003
     -0.33670895     -0.10003395      -1.0716246
     -0.33994266     -0.10124478     -0.58728230
     -0.34316591     -0.10245068    -0.099633851
     -0.34637858     -0.10365146      0.39136016
     -0.34958053     -0.10484693      0.88573880
     -0.35277164     -0.10603689       1.3835407
     -0.35595178     -0.10722116       1.8848041
     -0.35912084     -0.10839955       2.3895665
     -0.36227867     -0.10957188       2.8978651
     -0.36542517     -0.11073796       3.4097362
     -0.36856020     -0.11189761       3.9252154
     -0.37168364     -0.11305064       4.4443376
     -0.37479537     -0.11419687       4.9671364
     -0.37789526     -0.11533613       5.4936449
     -0.38098320     -0.11646822       6.0238947
     -0.38405905     -0.11759298       6.5579164
     -0.38712271     -0.11871022       7.0957392
     -0.39017404     -0.11981977       7.6373910
     -0.39321293     -0.12092145       8.1828982
     -0.39623926     -0.12201509       8.7322855
     -0.39925290     -0.12310052       9.2855758
     -0.40225375     -0.12417756       9.8427904
     -0.40524167     -0.12524605       10.403948
     -0.40821656     -0.12630581       10.969067
     -0.41117829     -0.12735669       11.538160
     -0.41412675     -0.12839850       12.111241
     -0.41706182     -0.12943109       12.688320
     -0.41998339     -0.13045430       13.269404
     -0.42289134     -0.13146796       13.854497
     -0.42578556     -0.13247192       14.443601
     -0.42866592     -0.13346601       15.036714
     -0.43153233     -0.13445008       15.633831
     -0.43438466     -0.13542397       16.234944
     -0.43722280     -0.13638752       16.840040
     -0.44004664     -0.13734060       17.449105
     -0.44285607     -0.13828304       18.062118
     -0.44565098     -0.13921470       18.679055
     -0.44843126     -0.14013543       19.299889
     -0.45119679     -0.14104509       19.924586
     -0.45394747     -0.14194352       20.553110
     -0.45668319     -0.14283060       21.185417
     -0.45940384     -0.14370617       21.821461
     -0.46210932     -0.14457010       22.461190
     -0.46479952     -0.14542226       23.104545
     -0.46747432     -0.14626251       23.751463
     -0.47013363     -0.14709072       24.401876
     -0.47277735     -0.14790675       25.055707
     -0.47540536     -0.14871048       25.712875
     -0.47801756     -0.14950179       26.373294
     -0.48061385     -0.15028053       27.036870
     -0.48319413     -0.15104660       27.703501
     -0.48575829     -0.15179987       28.373081
     -0.48830624     -0.15254023       29.045496
     -0.49083787     -0.15326755       29.720625
     -0.49335308     -0.15398172       30.398340
     -0.49585178     -0.15468263       31.078506
     -0.49833387     -0.15537017       31.760979
     -0.50079924     -0.15604423       32.445611
     -0.50324780     -0.15670469       33.132244
     -0.50567945     -0.15735147       33.820713
     -0.50809411     -0.15798446       34.510845
     -0.51049166     -0.15860355       35.202462
     -0.51287202     -0.15920864       35.895375
     -0.51523510     -0.15979966       36.589390
     -0.51758080     -0.16037649       37.284305
     -0.51990902     -0.16093905       37.979910
     -0.52221968     -0.16148725       38.675989
     -0.52451269     -0.16202100       39.372317
     -0.52678794     -0.16254022       40.068664
     -0.52904537     -0.16304483       40.764793
     -0.53128486     -0.16353474       41.460459
     -0.53350635     -0.16400989       42.155413
     -0.53570973     -0.16447019       42.849397
     -0.53789493     -0.16491557       43.542149
     -0.54006185     -0.16534596       44.233403
     -0.54221041     -0.16576130       44.922885
     -0.54434052     -0.16616151       45.610319
     -0.54645211     -0.16654654       46.295422
     -0.54854509     -0.16691633       46.977910
     -0.55061937     -0.16727081       47.657494
     -0.55267487     -0.16760993       48.333881
     -0.55471152     -0.16793364       49.006780
     -0.55672923     -0.16824188       49.675892
     -0.55872792     -0.16853460       50.340923
     -0.56070751     -0.16881177       51.001573
     -0.56266793     -0.16907334       51.657546
     -0.56460909     -0.16931926       52.308544
     -0.56653093     -0.16954949       52.954272
     -0.56843336     -0.16976401       53.594434
     -0.57031632     -0.16996277       54.228741
     -0.57217971     -0.17014575       54.856901
     -0.57402349     -0.17031291       55.478632
     -0.57584756     -0.17046423       56.093653
     -0.57765185     -0.17059969       56.701687
     -0.57943631     -0.17071926       57.302466
     -0.58120085     -0.17082293       57.895725
     -0.58294540     -0.17091068       58.481208
     -0.58466990     -0.17098249       59.058667
     -0.58637428     -0.17103835       59.627859
     -0.58805848     -0.17107826       60.188553
     -0.58972242     -0.17110221       60.740526
     -0.59136604     -0.17111019       61.283563
     -0.59298927     -0.17110221       61.817460
     -0.59459205     -0.17107826       62.342026
     -0.59617432     -0.17103835       62.857078
     -0.59773602     -0.17098249       63.362444
     -0.59927708     -0.17091067       63.857966
     -0.60079744     -0.17082293       64.343497
     -0.60229704     -0.17071926       64.818900
     -0.60377583     -0.17059969       65.284054
     -0.60523374     -0.17046423       65.738846
     -0.60667072     -0.17031291       66.183181
     -0.60808671     -0.17014574       66.616971
     -0.60948166     -0.16996277       67.040144
     -0.61085550     -0.16976400       67.452641
     -0.61220819     -0.16954949       67.854414
     -0.61353967     -0.16931925       68.245427
     -0.61484990     -0.16907333       68.625658
     -0.61613880     -0.16881177       68.995097
     -0.61740635     -0.16853460       69.353744
     -0.61865248     -0.16824187       69.701614
     -0.61987715     -0.16793363       70.038729
     -0.62108031     -0.16760992       70.365128
     -0.62226191     -0.16727080       70.680854
     -0.62342191     -0.16691632       70.985967
     -0.62456025     -0.16654653       71.280532
     -0.62567690     -0.16616150       71.564626
     -0.62677181     -0.16576129       71.838336
     -0.62784494     -0.16534595       72.101755
     -0.62889624     -0.16491556       72.354988
     -0.62992567     -0.16447017       72.598145
     -0.63093320     -0.16400987       72.831345
     -0.63191878     -0.16353473       73.054714
     -0.63288237     -0.16304481       73.268383
     -0.63382394     -0.16254020       73.472491
     -0.63474345     -0.16202098       73.667181
     -0.63564086     -0.16148723       73.852604
     -0.63651613     -0.16093903       74.028912
     -0.63736924     -0.16037647       74.196263
     -0.63820015     -0.15979964       74.354820
     -0.63900882     -0.15920863       74.504748
     -0.63979523     -0.15860353       74.646214
     -0.64055934     -0.15798444       74.779389
     -0.64130112     -0.15735145       74.904446
     -0.64202055     -0.15670468       75.021559
     -0.64271759     -0.15604421       75.130905
     -0.64339222     -0.15537015       75.232660
     -0.64404441     -0.15468261       75.327002
     -0.64467413     -0.15398170       75.414109
     -0.64528137     -0.15326753       75.494159
     -0.64586609     -0.15254021       75.567329
     -0.64642827     -0.15179985       75.633796
     -0.64696790     -0.15104658       75.693738
     -0.64748494     -0.15028051       75.747328
     -0.64797939     -0.14950176       75.794742
     -0.64845121     -0.14871046       75.836152
     -0.64890040     -0.14790673       75.871727
     -0.64932692     -0.14709070       75.901639
     -0.64973078     -0.14626249       75.926052
     -0.65011194     -0.14542224       75.945132
     -0.65047041     -0.14457008       75.959042
     -0.65080615     -0.14370615       75.967940
     -0.65111916     -0.14283057       75.971984
     -0.65140943     -0.14194350       75.971329
     -0.65167694     -0.14104506       75.966126
     -0.65192168     -0.14013541       75.956523
     -0.65214365     -0.13921468       75.942667
     -0.65234283     -0.13828302       75.924701
     -0.65251923     -0.13734057       75.902764
     -0.65267282     -0.13638750       75.876992
     -0.65280360     -0.13542394       75.847519
     -0.65291158     -0.13445005       75.814476
     -0.65299674     -0.13346598       75.777989
     -0.65305908     -0.13247189       75.738183
     -0.65309861     -0.13146793       75.695178
     -0.65311531     -0.13045427       75.649091
     -0.65310918     -0.12943106       75.600037
     -0.65308024     -0.12839847       75.548126
     -0.65302847     -0.12735666       75.493468
     -0.65295388     -0.12630578       75.436166
     -0.65285648     -0.12524602       75.376322
     -0.65273626     -0.12417753       75.314035
     -0.65259324     -0.12310049       75.249401
     -0.65242741     -0.12201506       75.182512
     -0.65223878     -0.12092142       75.113457
     -0.65202737     -0.11981974       75.042323
     -0.65179318     -0.11871019       74.969194
     -0.65153622     -0.11759295       74.894151
     -0.65125650     -0.11646819       74.817272
     -0.65095402     -0.11533610       74.738633
     -0.65062881     -0.11419684       74.658305
     -0.65028088     -0.11305061       74.576360
     -0.64991023     -0.11189758       74.492863
     -0.64951689     -0.11073793       74.407882
     -0.64910087     -0.10957185       74.321477
     -0.64866218     -0.10839952       74.233709
     -0.64820084     -0.10722113       74.144635
     -0.64771688     -0.10603685       74.054311
     -0.64721030     -0.10484689       73.962790
     -0.64668114     -0.10365143       73.870123
     -0.64612941     -0.10245065       73.776357
     -0.64555513     -0.10124475       73.681540
     -0.64495832     -0.10003391       73.585716
     -0.64433901    -0.098818333       73.488928
     -0.64369723    -0.097598203       73.391216
     -0.64303300    -0.096373715       73.292618
     -0.64234634    -0.095145062       73.193171
     -0.64163728    -0.093912439       73.092911
     -0.64090586    -0.092676039       72.991870
     -0.64015209    -0.091436059       72.890080
     -0.63937601    -0.090192694       72.787570
     -0.63857765    -0.088946140       72.684369
     -0.63775704    -0.087696594       72.580503
     -0.63691422    -0.086444254       72.475998
     -0.63604921    -0.085189317       72.370876
     -0.63516205    -0.083931982       72.265160
     -0.63425278    -0.082672446       72.158870
     -0.63332143    -0.081410910       72.052027
     -0.63236804    -0.080147571       71.944647
     -0.63139264    -0.078882630       71.836748
     -0.63039528    -0.077616286       71.728344
     -0.62937600    -0.076348740       71.619451
     -0.62833482    -0.075080191       71.510082
     -0.62727180    -0.073810840       71.400247
     -0.62618698    -0.072540887       71.289959
     -0.62508040    -0.071270533       71.179227
     -0.62395211    -0.069999978       71.068059
     -0.62280214    -0.068729423       70.956463
     -0.62163054    -0.067459069       70.844446
     -0.62043737    -0.066189116       70.732014
     -0.61922266    -0.064919765       70.619172
     -0.61798647    -0.063651216       70.505923
     -0.61672884    -0.062383670       70.392271
     -0.61544983    -0.061117327       70.278218
     -0.61414947    -0.059852386       70.163766
     -0.61282784    -0.058589047       70.048915
     -0.61148497    -0.057327511       69.933664
     -0.61012092    -0.056067975       69.818015
     -0.60873575    -0.054810640       69.701964
     -0.60732950    -0.053555703       69.585509
     -0.60590224    -0.052303363       69.468649
     -0.60445402    -0.051053817       69.351379
     -0.60298490    -0.049807263       69.233696
     -0.60149494    -0.048563898       69.115594
     -0.59998419    -0.047323918       68.997069
     -0.59845271    -0.046087519       68.878114
     -0.59690057    -0.044854896       68.758723
     -0.59532783    -0.043626243       68.638891
     -0.59373454    -0.042401755       68.518608
     -0.59212078    -0.041181626       68.397868
     -0.59048660    -0.039966047       68.276662
     -0.58883206    -0.038755210       68.154981
     -0.58715725    -0.037549308       68.032817
     -0.58546221    -0.036348530       67.910160
     -0.58374703    -0.035153066       67.787000
     -0.58201176    -0.033963105       67.663327
     -0.58025647    -0.032778834       67.539129
     -0.57848123    -0.031600441       67.414397
     -0.57668612    -0.030428112       67.289119
     -0.57487121    -0.029262031       67.163283
     -0.57303656    -0.028102384       67.036877
     -0.57118225    -0.026949353       66.909890
     -0.56930835    -0.025803119       66.782309
     -0.56741493    -0.024663866       66.654121
     -0.56550208    -0.023531771       66.525314
     -0.56356986    -0.022407014       66.395873
     -0.56161835    -0.021289772       66.265787
     -0.55964763    -0.020180223       66.135041
     -0.55765778    -0.019078541       66.003622
     -0.55564888    -0.017984899       65.871516
     -0.55362100    -0.016899472       65.738708
     -0.55157422    -0.015822429       65.605186
     -0.54950863    -0.014753942       65.470934
     -0.54742431    -0.013694179       65.335938
     -0.54532134    -0.012643307       65.200184
     -0.54319980    -0.011601493       65.063656
     -0.54105977    -0.010568900       64.926341
     -0.53890135   -0.0095456926       64.788224
     -0.53672461   -0.0085320312       64.649290
     -0.53452965   -0.0075280764       64.509523
     -0.53231654   -0.0065339866       64.368910
     -0.53008538   -0.0055499188       64.227435
     -0.52783625   -0.0045760284       64.085084
     -0.52556925   -0.0036124692       63.941841
     -0.52328445   -0.0026593934       63.797691
     -0.52098196   -0.0017169515       63.652621
     -0.51866187  -0.00078529224       63.506614
     -0.51632426   0.00013543721       63.359656
     -0.51396922    0.0010450915       63.211733
     -0.51159686    0.0019435269       63.062830
     -0.50920726    0.0028306016       62.912931
     -0.50680052    0.0037061754       62.762024
     -0.50437673    0.0045701103       62.610092
     -0.50193599    0.0054222696       62.457123
     -0.49947840    0.0062625189       62.303101
     -0.49700404    0.0070907255       62.148013
     -0.49451303    0.0079067585       61.991844
     -0.49200546    0.0087104892       61.834581
     -0.48948142    0.0095017905       61.676211
     -0.48694102     0.010280538       61.516719
     -0.48438436     0.011046607       61.356093
     -0.48181154     0.011799879       61.194318
     -0.47922266     0.012540234       61.031383
     -0.47661781     0.013267554       60.867275
     -0.47399712     0.013981726       60.701980
     -0.47136067     0.014682636       60.535486
     -0.46870857     0.015370173       60.367782
     -0.46604093     0.016044230       60.198856
     -0.46335786     0.016704699       60.028695
     -0.46065945     0.017351476       59.857288
     -0.45794581     0.017984460       59.684624
     -0.45521706     0.018603550       59.510692
     -0.45247330     0.019208648       59.335481
     -0.44971464     0.019799660       59.158981
     -0.44694118     0.020376490       58.981181
     -0.44415304     0.020939050       58.802072
     -0.44135032     0.021487249       58.621644
     -0.43853315     0.022021001       58.439888
     -0.43570162     0.022540222       58.256793
     -0.43285585     0.023044830       58.072353
     -0.42999595     0.023534745       57.886558
     -0.42712204     0.024009890       57.699399
     -0.42423423     0.024470189       57.510870
     -0.42133263     0.024915571       57.320962
     -0.41841736     0.025345964       57.129669
     -0.41548853     0.025761301       56.936982
     -0.41254626     0.026161516       56.742896
     -0.40959066     0.026546546       56.547405
     -0.40662185     0.026916331       56.350501
     -0.40363996     0.027270811       56.152180
     -0.40064508     0.027609931       55.952436
     -0.39763736     0.027933637       55.751264
     -0.39461689     0.028241878       55.548660
     -0.39158381     0.028534606       55.344618
     -0.38853823     0.028811774       55.139136
     -0.38548027     0.029073339       54.932208
     -0.38241005     0.029319259       54.723832
     -0.37932770     0.029549495       54.514004
     -0.37623333     0.029764011       54.302723
     -0.37312707     0.029962773       54.089984
     -0.37000904     0.030145750       53.875786
     -0.36687937     0.030312912       53.660128
     -0.36373817     0.030464235       53.443007
     -0.36058557     0.030599692       53.224423
     -0.35742170     0.030719264       53.004374
     -0.35424668     0.030822931       52.782859
     -0.35106063     0.030910677       52.559880
     -0.34786369     0.030982488       52.335434
     -0.34465598     0.031038353       52.109524
     -0.34143761     0.031078262       51.882148
     -0.33820873     0.031102210       51.653309
     -0.33496946     0.031110193       51.423006
     -0.33171993     0.031102210       51.191242
     -0.32846026     0.031078261       50.958018
     -0.32519059     0.031038351       50.723335
     -0.32191103     0.030982485       50.487197
     -0.31862174     0.030910674       50.249604
     -0.31532282     0.030822927       50.010560
     -0.31201441     0.030719259       49.770068
     -0.30869665     0.030599687       49.528131
     -0.30536966     0.030464229       49.284751
     -0.30203358     0.030312906       49.039932
     -0.29868854     0.030145742       48.793677
     -0.29533466     0.029962765       48.545992
     -0.29197208     0.029764002       48.296878
     -0.28860094     0.029549485       48.046342
     -0.28522137     0.029319249       47.794385
     -0.28183350     0.029073328       47.541014
     -0.27843746     0.028811763       47.286233
     -0.27503339     0.028534594       47.030046
     -0.27162143     0.028241866       46.772458
     -0.26820170     0.027933624       46.513475
     -0.26477434     0.027609917       46.253100
     -0.26133950     0.027270796       45.991339
     -0.25789729     0.026916316       45.728197
     -0.25444787     0.026546531       45.463679
     -0.25099136     0.026161500       45.197791
     -0.24752790     0.025761284       44.930538
     -0.24405764     0.025345946       44.661925
     -0.24058070     0.024915552       44.391957
     -0.23709722     0.024470170       44.120640
     -0.23360734     0.024009870       43.847979
     -0.23011120     0.023534725       43.573980
     -0.22660894     0.023044809       43.298646
     -0.22310069     0.022540201       43.021985
     -0.21958659     0.022020979       42.744001
     -0.21606679     0.021487226       42.464698
     -0.21254142     0.020939027       42.184083
     -0.20901062     0.020376467       41.902159
     -0.20547453     0.019799635       41.618933
     -0.20193328     0.019208623       41.334408
     -0.19838703     0.018603524       41.048589
     -0.19483590     0.017984434       40.761480
     -0.19128005     0.017351450       40.473087
     -0.18771960     0.016704671       40.183412
     -0.18415470     0.016044202       39.892461
     -0.18058550     0.015370145       39.600237
     -0.17701212     0.014682607       39.306743
     -0.17343472     0.013981696       39.011982
     -0.16985343     0.013267524       38.715959
     -0.16626840     0.012540203       38.418677
     -0.16267977     0.011799848       38.120136
     -0.15908767     0.011046576       37.820342
     -0.15549225     0.010280505       37.519295
     -0.15189366    0.0095017577       37.216997
     -0.14829203    0.0087104559       36.913451
     -0.14468750    0.0079067247       36.608657
     -0.14108023    0.0070906912       36.302617
     -0.13747035    0.0062624841       35.995331
     -0.13385800    0.0054222343       35.686801
     -0.13024332    0.0045700745       35.377026
     -0.12662647    0.0037061391       35.066005
     -0.12300758    0.0028305648       34.753740
     -0.11938679    0.0019434896       34.440227
     -0.11576425    0.0010450537       34.125468
     -0.11214010   0.00013539901       33.809458
     -0.10851449  -0.00078533090       33.492198
     -0.10488755   -0.0017169906       33.173683
     -0.10125943   -0.0026594330       32.853913
    -0.097630276   -0.0036125092       32.532882
    -0.094000227   -0.0045760688       32.210588
    -0.090369429   -0.0055499596       31.887026
    -0.086738024   -0.0065340278       31.562193
    -0.083106155   -0.0075281181       31.236083
    -0.079473967   -0.0085320733       30.908690
    -0.075841602   -0.0095457351       30.580009
    -0.072209203    -0.010568943       30.250034
    -0.068576915    -0.011601536       29.918757
    -0.064944880    -0.012643351       29.586172
    -0.061313243    -0.013694223       29.252270
    -0.057682145    -0.014753987       28.917044
    -0.054051732    -0.015822474       28.580485
    -0.050422145    -0.016899517       28.242583
    -0.046793529    -0.017984945       27.903329
    -0.043166026    -0.019078586       27.562713
    -0.039539780    -0.020180269       27.220723
    -0.035914934    -0.021289819       26.877348
    -0.032291630    -0.022407061       26.532577
    -0.028670013    -0.023531818       26.186397
    -0.025050225    -0.024663913       25.838795
    -0.021432409    -0.025803167       25.489757
    -0.017816708    -0.026949401       25.139271
    -0.014203264    -0.028102432       24.787320
    -0.010592220    -0.029262080       24.433890
   -0.0069837191    -0.030428161       24.078965
   -0.0033779032    -0.031600490       23.722529
   0.00022508517    -0.032778883       23.364566
    0.0038251038    -0.033963154       23.005056
    0.0074220105    -0.035153116       22.643983
     0.011015663    -0.036348580       22.281328
     0.014605920    -0.037549358       21.917072
     0.018192640    -0.038755261       21.551195
     0.021775680    -0.039966097       21.183677
     0.025354900    -0.041181676       20.814496
     0.028930159    -0.042401806       20.443632
     0.032501314    -0.043626294       20.071061
     0.036068225    -0.044854947       19.696762
     0.039630751    -0.046087570       19.320711
     0.043188752    -0.047323970       18.942884
     0.046742087    -0.048563950       18.563257
     0.050290616    -0.049807315       18.181805
     0.053834199    -0.051053869       17.798502
     0.057372695    -0.052303415       17.413321
     0.060905966    -0.053555755       17.026236
     0.064433871    -0.054810692       16.637220
     0.067956272    -0.056068028       16.246245
     0.071473029    -0.057327563       15.853281
     0.074984004    -0.058589100       15.458300
     0.078489057    -0.059852438       15.061272
     0.081988051    -0.061117379       14.662167
     0.085480847    -0.062383723       14.260955
     0.088967308    -0.063651269       13.857602
     0.092447296    -0.064919818       13.452079
     0.095920673    -0.066189169       13.044352
     0.099387302    -0.067459122       12.634388
      0.10284705    -0.068729476       12.222154
      0.10629977    -0.070000031       11.807615
      0.10974534    -0.071270586       11.390738
      0.11318361    -0.072540940       10.971488
      0.11661445    -0.073810893       10.549828
      0.12003773    -0.075080244       10.125723
      0.12345331    -0.076348793       9.6991367
      0.12686106    -0.077616339       9.2700322
      0.13026083    -0.078882683       8.8383724
      0.13365251    -0.080147624       8.4041197
      0.13703594    -0.081410962       7.9672360
      0.14041101    -0.082672499       7.5276832
      0.14377757    -0.083932034       7.0854225
      0.14713549    -0.085189370       6.6404151
      0.15048464    -0.086444307       6.1926216
      0.15382489    -0.087696647       5.7420028
      0.15715611    -0.088946192       5.2885189
      0.16047817    -0.090192746       4.8321299
      0.16379092    -0.091436111       4.3727960
      0.16709425    -0.092676091       3.9104768
      0.17038803    -0.093912490       3.4451322
      0.17367211    -0.095145114       2.9767219
      0.17694638    -0.096373766       2.5052056
      0.18021070    -0.097598254       2.0305429
      0.18346495    -0.098818384       1.5526937
      0.18670899     -0.10003396       1.0716179
      0.18994270     -0.10124480      0.58727554
      0.19316595     -0.10245070     0.099627043
      0.19637862     -0.10365148     -0.39136702
      0.19958057     -0.10484694     -0.88574570
      0.20277168     -0.10603690      -1.3835477
      0.20595182     -0.10722117      -1.8848111
      0.20912087     -0.10839957      -2.3895736
      0.21227871     -0.10957190      -2.8978722
      0.21542521     -0.11073798      -3.4097434
      0.21856024     -0.11189762      -3.9252226
      0.22168368     -0.11305066      -4.4443448
      0.22479541     -0.11419689      -4.9671437
      0.22789530     -0.11533614      -5.4936522
      0.23098323     -0.11646824      -6.0239021
      0.23405909     -0.11759299      -6.5579238
      0.23712274     -0.11871024      -7.0957467
      0.24017408     -0.11981979      -7.6373986
      0.24321297     -0.12092147      -8.1829058
      0.24623929     -0.12201511      -8.7322932
      0.24925294     -0.12310054      -9.2855835
      0.25225378     -0.12417758      -9.8427981
      0.25524171     -0.12524607      -10.403956
      0.25821659     -0.12630583      -10.969075
      0.26117833     -0.12735670      -11.538168
      0.26412679     -0.12839851      -12.111249
      0.26706186     -0.12943111      -12.688328
      0.26998343     -0.13045432      -13.269412
      0.27289138     -0.13146798      -13.854505
      0.27578559     -0.13247193      -14.443609
      0.27866596     -0.13346602      -15.036722
      0.28153236     -0.13445009      -15.633839
      0.28438469     -0.13542398      -16.234952
      0.28722283     -0.13638754      -16.840049
      0.29004668     -0.13734061      -17.449114
      0.29285611     -0.13828306      -18.062127
      0.29565101     -0.13921471      -18.679064
      0.29843129     -0.14013544      -19.299898
      0.30119682     -0.14104510      -19.924595
      0.30394750     -0.14194353      -20.553119
      0.30668322     -0.14283061      -21.185426
      0.30940388     -0.14370618      -21.821470
      0.31210935     -0.14457012      -22.461199
      0.31479955     -0.14542228      -23.104554
      0.31747435     -0.14626253      -23.751472
      0.32013366     -0.14709073      -24.401885
      0.32277738     -0.14790676      -25.055716
      0.32540539     -0.14871050      -25.712884
      0.32801759     -0.14950180      -26.373303
      0.33061388     -0.15028054      -27.036879
      0.33319416     -0.15104661      -27.703510
      0.33575832     -0.15179988      -28.373090
      0.33830627     -0.15254024      -29.045506
      0.34083790     -0.15326756      -29.720635
      0.34335311     -0.15398173      -30.398350
      0.34585181     -0.15468264      -31.078515
      0.34833389     -0.15537018      -31.760989
      0.35079927     -0.15604423      -32.445621
      0.35324783     -0.15670470      -33.132253
      0.35567948     -0.15735148      -33.820722
      0.35809414     -0.15798446      -34.510855
      0.36049169     -0.15860355      -35.202471
      0.36287205     -0.15920865      -35.895385
      0.36523513     -0.15979966      -36.589400
      0.36758082     -0.16037649      -37.284315
      0.36990905     -0.16093905      -37.979920
      0.37221971     -0.16148725      -38.675998
      0.37451271     -0.16202101      -39.372327
      0.37678797     -0.16254023      -40.068674
      0.37904539     -0.16304483      -40.764803
      0.38128489     -0.16353475      -41.460469
      0.38350637     -0.16400989      -42.155422
      0.38570976     -0.16447019      -42.849406
      0.38789495     -0.16491557      -43.542159
      0.39006187     -0.16534597      -44.233413
      0.39221043     -0.16576130      -44.922895
      0.39434055     -0.16616152      -45.610329
      0.39645213     -0.16654655      -46.295432
      0.39854511     -0.16691633      -46.977920
      0.40061939     -0.16727081      -47.657503
      0.40267489     -0.16760993      -48.333891
      0.40471154     -0.16793364      -49.006789
      0.40672925     -0.16824188      -49.675902
      0.40872794     -0.16853461      -50.340932
      0.41070753     -0.16881178      -51.001582
      0.41266795     -0.16907334      -51.657555
      0.41460911     -0.16931926      -52.308553
      0.41653095     -0.16954950      -52.954281
      0.41843338     -0.16976401      -53.594443
      0.42031634     -0.16996277      -54.228749
      0.42217973     -0.17014575      -54.856910
      0.42402350     -0.17031291      -55.478641
      0.42584757     -0.17046424      -56.093661
      0.42765187     -0.17059969      -56.701696
      0.42943632     -0.17071927      -57.302474
      0.43120086     -0.17082293      -57.895733
      0.43294542     -0.17091068      -58.481217
      0.43466992     -0.17098249      -59.058675
      0.43637430     -0.17103835      -59.627867
      0.43805850     -0.17107826      -60.188561
      0.43972243     -0.17110221      -60.740533
      0.44136605     -0.17111019      -61.283570