-0.680000 -0.081000 -129.600000 Near
-0.661939 -0.076142 -128.570772 Near
-0.642684 -0.070925 -127.308221 Near
-0.622278 -0.065426 -125.807836 Near
-0.600765 -0.059723 -124.065106 Near
-0.578188 -0.053893 -122.075520 Near
-0.554592 -0.048013 -119.834567 Near
-0.530020 -0.042160 -117.337737 Near
-0.504516 -0.036412 -114.580519 Near
-0.478124 -0.030837 -111.558802 Near
-0.450882 -0.025429 -108.271960 Near
-0.422829 -0.020145 -104.721163 Near
-0.394002 -0.014940 -100.907593 Near
-0.364440 -0.009777 -96.832864 Near
-0.334194 -0.004695 -92.504424 Near
-0.303328 0.000206 -87.933923 Near
-0.271903 0.004826 -83.133107 Near
-0.239981 0.009069 -78.114145 Near
-0.207621 0.012890 -72.899006 Near
-0.174879 0.016301 -67.519457 Near
-0.141810 0.019314 -62.007691 Near
-0.108470 0.021940 -56.395877 Near
-0.074950 0.024174 -50.715152 Near
-0.041391 0.025980 -44.995217 Near
-0.007936 0.027321 -39.265668 Near
0.025271 0.028161 -33.556062 Near
0.058143 0.028490 -27.891443 Near
0.090700 0.028351 -22.288078 Near
0.122971 0.027794 -16.761229 Near
0.154989 0.026865 -11.326155 Near
0.186742 0.025607 -5.997131 Near
0.218097 0.024035 -0.785708 Near
0.248901 0.022162 4.297031 Near
0.279000 0.020000 9.240000 Near
0.308278 0.017557 14.034635 Near
0.336767 0.014825 18.682452 Near
0.364536 0.011791 23.187485 Near
0.391653 0.008441 27.553769 Near
0.418146 0.004770 31.781366 Near
0.443809 0.000804 35.847131 Near
0.468349 -0.003419 39.719520 Near
0.491474 -0.007860 43.366979 Near
0.512984 -0.012481 46.769002 Near
0.533477 -0.017249 50.001264 Near
0.553967 -0.022137 53.188960 Near
0.575469 -0.027116 56.457695 Near
0.598792 -0.032156 59.909326 Near
0.621963 -0.037237 63.323298 Near
0.641001 -0.042341 66.246696 Near
0.651879 -0.047449 68.221478 Near
0.650970 -0.052544 68.834484 Near
0.643805 -0.057580 68.704847 Near
0.645073 -0.062487 69.483991 Near
0.669861 -0.067193 72.868226 Near
0.732626 -0.071629 80.483414 Near
-0.678025 -0.113507 -72.541719 Far
-0.777404 -0.116718 -82.405047 Far
-0.752774 -0.118745 -78.164127 Far
-0.662012 -0.120026 -66.386573 Far
-0.563000 -0.121000 -53.640000 Far
-0.501386 -0.122003 -45.103729 Far
-0.473896 -0.122957 -40.403904 Far
-0.465027 -0.123682 -37.778374 Far
-0.459272 -0.123998 -35.464989 Far
-0.443332 -0.123757 -31.951670 Far
-0.416766 -0.123001 -27.186678 Far
-0.383793 -0.121843 -21.646851 Far
-0.348636 -0.120394 -15.809757 Far
-0.315147 -0.118753 -10.111253 Far
-0.283955 -0.116887 -4.624170 Far
-0.254023 -0.114703 0.765586 Far
-0.224304 -0.112102 6.173652 Far
-0.193804 -0.108997 11.708930 Far
-0.162283 -0.105410 17.388845 Far
-0.130039 -0.101442 23.164905 Far
-0.097384 -0.097195 28.987159 Far
-0.064625 -0.092770 34.806226 Far
-0.031945 -0.088188 40.585784 Far
0.000590 -0.083394 46.302574 Far
0.032922 -0.078329 51.933902 Far
0.064992 -0.072936 57.456957 Far
0.096745 -0.067234 62.843538 Far
0.128127 -0.061347 68.057966 Far
0.159088 -0.055408 73.064011 Far
0.189574 -0.049550 77.825521 Far
0.219527 -0.043848 82.315624 Far
0.248873 -0.038271 86.525475 Far
0.277537 -0.032775 90.448301 Far
0.305444 -0.027318 94.077330 Far
0.332519 -0.021856 97.405787 Far
0.358687 -0.016344 100.426900 Far
0.383872 -0.010740 103.133896 Far
0.408000 -0.005000 105.520000 Far
